-90 -90
-90 -45
-90 -39.374
-90 -33.748
-90 -28.122
-90 -22.496
-90 -16.87
-90 -11.244
-90 -5.617999999999995
-90 0.008000000000002672
-90 5.634
-90 11.26000000000001
-90 16.886
-90 22.512
-90 28.13800000000001
-90 33.76400000000001
-90 39.39
-90 45.01600000000001
-90 50.64200000000001
-90 56.268
-90 61.89400000000001
-90 67.52000000000001
-90 73.146
-90 78.77200000000001
-90 84.398
-90 90.024
-90 95.65000000000001
-90 101.276
-90 106.902
-90 112.528
-90 118.154
-90 123.78
-90 129.406
-90 135.032
-90 140.658
-90 146.284
-90 151.91
-90 157.536
-90 163.162
-90 168.788
-90 174.414
-90 180.04
-90 185.666
-90 191.292
-90 196.918
-90 202.544
-90 208.17
-90 213.796
-90 219.422
-90 225.048
-90 230.674
-90 270
-80 -90
-80 -45
-80 -39.374
-80 -33.748
-80 -28.122
-80 -22.496
-80 -16.87
-80 -11.244
-80 -5.617999999999995
-80 0.008000000000002672
-80 5.634
-80 11.26000000000001
-80 16.886
-80 22.512
-80 28.13800000000001
-80 33.76400000000001
-80 39.39
-80 45.01600000000001
-80 50.64200000000001
-80 56.268
-80 61.89400000000001
-80 67.52000000000001
-80 73.146
-80 78.77200000000001
-80 84.398
-80 90.024
-80 95.65000000000001
-80 101.276
-80 106.902
-80 112.528
-80 118.154
-80 123.78
-80 129.406
-80 135.032
-80 140.658
-80 146.284
-80 151.91
-80 157.536
-80 163.162
-80 168.788
-80 174.414
-80 180.04
-80 185.666
-80 191.292
-80 196.918
-80 202.544
-80 208.17
-80 213.796
-80 219.422
-80 225.048
-80 230.674
-80 270
-65 -90
-65 -45
-65 -39.374
-65 -33.748
-65 -28.122
-65 -22.496
-65 -16.87
-65 -11.244
-65 -5.617999999999995
-65 0.008000000000002672
-65 5.634
-65 11.26000000000001
-65 16.886
-65 22.512
-65 28.13800000000001
-65 33.76400000000001
-65 39.39
-65 45.01600000000001
-65 50.64200000000001
-65 56.268
-65 61.89400000000001
-65 67.52000000000001
-65 73.146
-65 78.77200000000001
-65 84.398
-65 90.024
-65 95.65000000000001
-65 101.276
-65 106.902
-65 112.528
-65 118.154
-65 123.78
-65 129.406
-65 135.032
-65 140.658
-65 146.284
-65 151.91
-65 157.536
-65 163.162
-65 168.788
-65 174.414
-65 180.04
-65 185.666
-65 191.292
-65 196.918
-65 202.544
-65 208.17
-65 213.796
-65 219.422
-65 225.048
-65 230.674
-65 270
-55 -90
-55 -45
-55 -39.374
-55 -33.748
-55 -28.122
-55 -22.496
-55 -16.87
-55 -11.244
-55 -5.617999999999995
-55 0.008000000000002672
-55 5.634
-55 11.26000000000001
-55 16.886
-55 22.512
-55 28.13800000000001
-55 33.76400000000001
-55 39.39
-55 45.01600000000001
-55 50.64200000000001
-55 56.268
-55 61.89400000000001
-55 67.52000000000001
-55 73.146
-55 78.77200000000001
-55 84.398
-55 90.024
-55 95.65000000000001
-55 101.276
-55 106.902
-55 112.528
-55 118.154
-55 123.78
-55 129.406
-55 135.032
-55 140.658
-55 146.284
-55 151.91
-55 157.536
-55 163.162
-55 168.788
-55 174.414
-55 180.04
-55 185.666
-55 191.292
-55 196.918
-55 202.544
-55 208.17
-55 213.796
-55 219.422
-55 225.048
-55 230.674
-55 270
-45 -90
-45 -45
-45 -39.374
-45 -33.748
-45 -28.122
-45 -22.496
-45 -16.87
-45 -11.244
-45 -5.617999999999995
-45 0.008000000000002672
-45 5.634
-45 11.26000000000001
-45 16.886
-45 22.512
-45 28.13800000000001
-45 33.76400000000001
-45 39.39
-45 45.01600000000001
-45 50.64200000000001
-45 56.268
-45 61.89400000000001
-45 67.52000000000001
-45 73.146
-45 78.77200000000001
-45 84.398
-45 90.024
-45 95.65000000000001
-45 101.276
-45 106.902
-45 112.528
-45 118.154
-45 123.78
-45 129.406
-45 135.032
-45 140.658
-45 146.284
-45 151.91
-45 157.536
-45 163.162
-45 168.788
-45 174.414
-45 180.04
-45 185.666
-45 191.292
-45 196.918
-45 202.544
-45 208.17
-45 213.796
-45 219.422
-45 225.048
-45 230.674
-45 270
-40 -90
-40 -45
-40 -39.374
-40 -33.748
-40 -28.122
-40 -22.496
-40 -16.87
-40 -11.244
-40 -5.617999999999995
-40 0.008000000000002672
-40 5.634
-40 11.26000000000001
-40 16.886
-40 22.512
-40 28.13800000000001
-40 33.76400000000001
-40 39.39
-40 45.01600000000001
-40 50.64200000000001
-40 56.268
-40 61.89400000000001
-40 67.52000000000001
-40 73.146
-40 78.77200000000001
-40 84.398
-40 90.024
-40 95.65000000000001
-40 101.276
-40 106.902
-40 112.528
-40 118.154
-40 123.78
-40 129.406
-40 135.032
-40 140.658
-40 146.284
-40 151.91
-40 157.536
-40 163.162
-40 168.788
-40 174.414
-40 180.04
-40 185.666
-40 191.292
-40 196.918
-40 202.544
-40 208.17
-40 213.796
-40 219.422
-40 225.048
-40 230.674
-40 270
-35 -90
-35 -45
-35 -39.374
-35 -33.748
-35 -28.122
-35 -22.496
-35 -16.87
-35 -11.244
-35 -5.617999999999995
-35 0.008000000000002672
-35 5.634
-35 11.26000000000001
-35 16.886
-35 22.512
-35 28.13800000000001
-35 33.76400000000001
-35 39.39
-35 45.01600000000001
-35 50.64200000000001
-35 56.268
-35 61.89400000000001
-35 67.52000000000001
-35 73.146
-35 78.77200000000001
-35 84.398
-35 90.024
-35 95.65000000000001
-35 101.276
-35 106.902
-35 112.528
-35 118.154
-35 123.78
-35 129.406
-35 135.032
-35 140.658
-35 146.284
-35 151.91
-35 157.536
-35 163.162
-35 168.788
-35 174.414
-35 180.04
-35 185.666
-35 191.292
-35 196.918
-35 202.544
-35 208.17
-35 213.796
-35 219.422
-35 225.048
-35 230.674
-35 270
-30 -90
-30 -45
-30 -39.374
-30 -33.748
-30 -28.122
-30 -22.496
-30 -16.87
-30 -11.244
-30 -5.617999999999995
-30 0.008000000000002672
-30 5.634
-30 11.26000000000001
-30 16.886
-30 22.512
-30 28.13800000000001
-30 33.76400000000001
-30 39.39
-30 45.01600000000001
-30 50.64200000000001
-30 56.268
-30 61.89400000000001
-30 67.52000000000001
-30 73.146
-30 78.77200000000001
-30 84.398
-30 90.024
-30 95.65000000000001
-30 101.276
-30 106.902
-30 112.528
-30 118.154
-30 123.78
-30 129.406
-30 135.032
-30 140.658
-30 146.284
-30 151.91
-30 157.536
-30 163.162
-30 168.788
-30 174.414
-30 180.04
-30 185.666
-30 191.292
-30 196.918
-30 202.544
-30 208.17
-30 213.796
-30 219.422
-30 225.048
-30 230.674
-30 270
-25 -90
-25 -45
-25 -39.374
-25 -33.748
-25 -28.122
-25 -22.496
-25 -16.87
-25 -11.244
-25 -5.617999999999995
-25 0.008000000000002672
-25 5.634
-25 11.26000000000001
-25 16.886
-25 22.512
-25 28.13800000000001
-25 33.76400000000001
-25 39.39
-25 45.01600000000001
-25 50.64200000000001
-25 56.268
-25 61.89400000000001
-25 67.52000000000001
-25 73.146
-25 78.77200000000001
-25 84.398
-25 90.024
-25 95.65000000000001
-25 101.276
-25 106.902
-25 112.528
-25 118.154
-25 123.78
-25 129.406
-25 135.032
-25 140.658
-25 146.284
-25 151.91
-25 157.536
-25 163.162
-25 168.788
-25 174.414
-25 180.04
-25 185.666
-25 191.292
-25 196.918
-25 202.544
-25 208.17
-25 213.796
-25 219.422
-25 225.048
-25 230.674
-25 270
-20 -90
-20 -45
-20 -39.374
-20 -33.748
-20 -28.122
-20 -22.496
-20 -16.87
-20 -11.244
-20 -5.617999999999995
-20 0.008000000000002672
-20 5.634
-20 11.26000000000001
-20 16.886
-20 22.512
-20 28.13800000000001
-20 33.76400000000001
-20 39.39
-20 45.01600000000001
-20 50.64200000000001
-20 56.268
-20 61.89400000000001
-20 67.52000000000001
-20 73.146
-20 78.77200000000001
-20 84.398
-20 90.024
-20 95.65000000000001
-20 101.276
-20 106.902
-20 112.528
-20 118.154
-20 123.78
-20 129.406
-20 135.032
-20 140.658
-20 146.284
-20 151.91
-20 157.536
-20 163.162
-20 168.788
-20 174.414
-20 180.04
-20 185.666
-20 191.292
-20 196.918
-20 202.544
-20 208.17
-20 213.796
-20 219.422
-20 225.048
-20 230.674
-20 270
-15 -90
-15 -45
-15 -39.374
-15 -33.748
-15 -28.122
-15 -22.496
-15 -16.87
-15 -11.244
-15 -5.617999999999995
-15 0.008000000000002672
-15 5.634
-15 11.26000000000001
-15 16.886
-15 22.512
-15 28.13800000000001
-15 33.76400000000001
-15 39.39
-15 45.01600000000001
-15 50.64200000000001
-15 56.268
-15 61.89400000000001
-15 67.52000000000001
-15 73.146
-15 78.77200000000001
-15 84.398
-15 90.024
-15 95.65000000000001
-15 101.276
-15 106.902
-15 112.528
-15 118.154
-15 123.78
-15 129.406
-15 135.032
-15 140.658
-15 146.284
-15 151.91
-15 157.536
-15 163.162
-15 168.788
-15 174.414
-15 180.04
-15 185.666
-15 191.292
-15 196.918
-15 202.544
-15 208.17
-15 213.796
-15 219.422
-15 225.048
-15 230.674
-15 270
-10 -90
-10 -45
-10 -39.374
-10 -33.748
-10 -28.122
-10 -22.496
-10 -16.87
-10 -11.244
-10 -5.617999999999995
-10 0.008000000000002672
-10 5.634
-10 11.26000000000001
-10 16.886
-10 22.512
-10 28.13800000000001
-10 33.76400000000001
-10 39.39
-10 45.01600000000001
-10 50.64200000000001
-10 56.268
-10 61.89400000000001
-10 67.52000000000001
-10 73.146
-10 78.77200000000001
-10 84.398
-10 90.024
-10 95.65000000000001
-10 101.276
-10 106.902
-10 112.528
-10 118.154
-10 123.78
-10 129.406
-10 135.032
-10 140.658
-10 146.284
-10 151.91
-10 157.536
-10 163.162
-10 168.788
-10 174.414
-10 180.04
-10 185.666
-10 191.292
-10 196.918
-10 202.544
-10 208.17
-10 213.796
-10 219.422
-10 225.048
-10 230.674
-10 270
-5 -90
-5 -45
-5 -39.374
-5 -33.748
-5 -28.122
-5 -22.496
-5 -16.87
-5 -11.244
-5 -5.617999999999995
-5 0.008000000000002672
-5 5.634
-5 11.26000000000001
-5 16.886
-5 22.512
-5 28.13800000000001
-5 33.76400000000001
-5 39.39
-5 45.01600000000001
-5 50.64200000000001
-5 56.268
-5 61.89400000000001
-5 67.52000000000001
-5 73.146
-5 78.77200000000001
-5 84.398
-5 90.024
-5 95.65000000000001
-5 101.276
-5 106.902
-5 112.528
-5 118.154
-5 123.78
-5 129.406
-5 135.032
-5 140.658
-5 146.284
-5 151.91
-5 157.536
-5 163.162
-5 168.788
-5 174.414
-5 180.04
-5 185.666
-5 191.292
-5 196.918
-5 202.544
-5 208.17
-5 213.796
-5 219.422
-5 225.048
-5 230.674
-5 270
0 -90
0 -45
0 -39.374
0 -33.748
0 -28.122
0 -22.496
0 -16.87
0 -11.244
0 -5.617999999999995
0 0.008000000000002672
0 5.634
0 11.26000000000001
0 16.886
0 22.512
0 28.13800000000001
0 33.76400000000001
0 39.39
0 45.01600000000001
0 50.64200000000001
0 56.268
0 61.89400000000001
0 67.52000000000001
0 73.146
0 78.77200000000001
0 84.398
0 90.024
0 95.65000000000001
0 101.276
0 106.902
0 112.528
0 118.154
0 123.78
0 129.406
0 135.032
0 140.658
0 146.284
0 151.91
0 157.536
0 163.162
0 168.788
0 174.414
0 180.04
0 185.666
0 191.292
0 196.918
0 202.544
0 208.17
0 213.796
0 219.422
0 225.048
0 230.674
0 270
5 -90
5 -45
5 -39.374
5 -33.748
5 -28.122
5 -22.496
5 -16.87
5 -11.244
5 -5.617999999999995
5 0.008000000000002672
5 5.634
5 11.26000000000001
5 16.886
5 22.512
5 28.13800000000001
5 33.76400000000001
5 39.39
5 45.01600000000001
5 50.64200000000001
5 56.268
5 61.89400000000001
5 67.52000000000001
5 73.146
5 78.77200000000001
5 84.398
5 90.024
5 95.65000000000001
5 101.276
5 106.902
5 112.528
5 118.154
5 123.78
5 129.406
5 135.032
5 140.658
5 146.284
5 151.91
5 157.536
5 163.162
5 168.788
5 174.414
5 180.04
5 185.666
5 191.292
5 196.918
5 202.544
5 208.17
5 213.796
5 219.422
5 225.048
5 230.674
5 270
10 -90
10 -45
10 -39.374
10 -33.748
10 -28.122
10 -22.496
10 -16.87
10 -11.244
10 -5.617999999999995
10 0.008000000000002672
10 5.634
10 11.26000000000001
10 16.886
10 22.512
10 28.13800000000001
10 33.76400000000001
10 39.39
10 45.01600000000001
10 50.64200000000001
10 56.268
10 61.89400000000001
10 67.52000000000001
10 73.146
10 78.77200000000001
10 84.398
10 90.024
10 95.65000000000001
10 101.276
10 106.902
10 112.528
10 118.154
10 123.78
10 129.406
10 135.032
10 140.658
10 146.284
10 151.91
10 157.536
10 163.162
10 168.788
10 174.414
10 180.04
10 185.666
10 191.292
10 196.918
10 202.544
10 208.17
10 213.796
10 219.422
10 225.048
10 230.674
10 270
15 -90
15 -45
15 -39.374
15 -33.748
15 -28.122
15 -22.496
15 -16.87
15 -11.244
15 -5.617999999999995
15 0.008000000000002672
15 5.634
15 11.26000000000001
15 16.886
15 22.512
15 28.13800000000001
15 33.76400000000001
15 39.39
15 45.01600000000001
15 50.64200000000001
15 56.268
15 61.89400000000001
15 67.52000000000001
15 73.146
15 78.77200000000001
15 84.398
15 90.024
15 95.65000000000001
15 101.276
15 106.902
15 112.528
15 118.154
15 123.78
15 129.406
15 135.032
15 140.658
15 146.284
15 151.91
15 157.536
15 163.162
15 168.788
15 174.414
15 180.04
15 185.666
15 191.292
15 196.918
15 202.544
15 208.17
15 213.796
15 219.422
15 225.048
15 230.674
15 270
20 -90
20 -45
20 -39.374
20 -33.748
20 -28.122
20 -22.496
20 -16.87
20 -11.244
20 -5.617999999999995
20 0.008000000000002672
20 5.634
20 11.26000000000001
20 16.886
20 22.512
20 28.13800000000001
20 33.76400000000001
20 39.39
20 45.01600000000001
20 50.64200000000001
20 56.268
20 61.89400000000001
20 67.52000000000001
20 73.146
20 78.77200000000001
20 84.398
20 90.024
20 95.65000000000001
20 101.276
20 106.902
20 112.528
20 118.154
20 123.78
20 129.406
20 135.032
20 140.658
20 146.284
20 151.91
20 157.536
20 163.162
20 168.788
20 174.414
20 180.04
20 185.666
20 191.292
20 196.918
20 202.544
20 208.17
20 213.796
20 219.422
20 225.048
20 230.674
20 270
25 -90
25 -45
25 -39.374
25 -33.748
25 -28.122
25 -22.496
25 -16.87
25 -11.244
25 -5.617999999999995
25 0.008000000000002672
25 5.634
25 11.26000000000001
25 16.886
25 22.512
25 28.13800000000001
25 33.76400000000001
25 39.39
25 45.01600000000001
25 50.64200000000001
25 56.268
25 61.89400000000001
25 67.52000000000001
25 73.146
25 78.77200000000001
25 84.398
25 90.024
25 95.65000000000001
25 101.276
25 106.902
25 112.528
25 118.154
25 123.78
25 129.406
25 135.032
25 140.658
25 146.284
25 151.91
25 157.536
25 163.162
25 168.788
25 174.414
25 180.04
25 185.666
25 191.292
25 196.918
25 202.544
25 208.17
25 213.796
25 219.422
25 225.048
25 230.674
25 270
30 -90
30 -45
30 -39.374
30 -33.748
30 -28.122
30 -22.496
30 -16.87
30 -11.244
30 -5.617999999999995
30 0.008000000000002672
30 5.634
30 11.26000000000001
30 16.886
30 22.512
30 28.13800000000001
30 33.76400000000001
30 39.39
30 45.01600000000001
30 50.64200000000001
30 56.268
30 61.89400000000001
30 67.52000000000001
30 73.146
30 78.77200000000001
30 84.398
30 90.024
30 95.65000000000001
30 101.276
30 106.902
30 112.528
30 118.154
30 123.78
30 129.406
30 135.032
30 140.658
30 146.284
30 151.91
30 157.536
30 163.162
30 168.788
30 174.414
30 180.04
30 185.666
30 191.292
30 196.918
30 202.544
30 208.17
30 213.796
30 219.422
30 225.048
30 230.674
30 270
35 -90
35 -45
35 -39.374
35 -33.748
35 -28.122
35 -22.496
35 -16.87
35 -11.244
35 -5.617999999999995
35 0.008000000000002672
35 5.634
35 11.26000000000001
35 16.886
35 22.512
35 28.13800000000001
35 33.76400000000001
35 39.39
35 45.01600000000001
35 50.64200000000001
35 56.268
35 61.89400000000001
35 67.52000000000001
35 73.146
35 78.77200000000001
35 84.398
35 90.024
35 95.65000000000001
35 101.276
35 106.902
35 112.528
35 118.154
35 123.78
35 129.406
35 135.032
35 140.658
35 146.284
35 151.91
35 157.536
35 163.162
35 168.788
35 174.414
35 180.04
35 185.666
35 191.292
35 196.918
35 202.544
35 208.17
35 213.796
35 219.422
35 225.048
35 230.674
35 270
40 -90
40 -45
40 -39.374
40 -33.748
40 -28.122
40 -22.496
40 -16.87
40 -11.244
40 -5.617999999999995
40 0.008000000000002672
40 5.634
40 11.26000000000001
40 16.886
40 22.512
40 28.13800000000001
40 33.76400000000001
40 39.39
40 45.01600000000001
40 50.64200000000001
40 56.268
40 61.89400000000001
40 67.52000000000001
40 73.146
40 78.77200000000001
40 84.398
40 90.024
40 95.65000000000001
40 101.276
40 106.902
40 112.528
40 118.154
40 123.78
40 129.406
40 135.032
40 140.658
40 146.284
40 151.91
40 157.536
40 163.162
40 168.788
40 174.414
40 180.04
40 185.666
40 191.292
40 196.918
40 202.544
40 208.17
40 213.796
40 219.422
40 225.048
40 230.674
40 270
45 -90
45 -45
45 -39.374
45 -33.748
45 -28.122
45 -22.496
45 -16.87
45 -11.244
45 -5.617999999999995
45 0.008000000000002672
45 5.634
45 11.26000000000001
45 16.886
45 22.512
45 28.13800000000001
45 33.76400000000001
45 39.39
45 45.01600000000001
45 50.64200000000001
45 56.268
45 61.89400000000001
45 67.52000000000001
45 73.146
45 78.77200000000001
45 84.398
45 90.024
45 95.65000000000001
45 101.276
45 106.902
45 112.528
45 118.154
45 123.78
45 129.406
45 135.032
45 140.658
45 146.284
45 151.91
45 157.536
45 163.162
45 168.788
45 174.414
45 180.04
45 185.666
45 191.292
45 196.918
45 202.544
45 208.17
45 213.796
45 219.422
45 225.048
45 230.674
45 270
55 -90
55 -45
55 -39.374
55 -33.748
55 -28.122
55 -22.496
55 -16.87
55 -11.244
55 -5.617999999999995
55 0.008000000000002672
55 5.634
55 11.26000000000001
55 16.886
55 22.512
55 28.13800000000001
55 33.76400000000001
55 39.39
55 45.01600000000001
55 50.64200000000001
55 56.268
55 61.89400000000001
55 67.52000000000001
55 73.146
55 78.77200000000001
55 84.398
55 90.024
55 95.65000000000001
55 101.276
55 106.902
55 112.528
55 118.154
55 123.78
55 129.406
55 135.032
55 140.658
55 146.284
55 151.91
55 157.536
55 163.162
55 168.788
55 174.414
55 180.04
55 185.666
55 191.292
55 196.918
55 202.544
55 208.17
55 213.796
55 219.422
55 225.048
55 230.674
55 270
65 -90
65 -45
65 -39.374
65 -33.748
65 -28.122
65 -22.496
65 -16.87
65 -11.244
65 -5.617999999999995
65 0.008000000000002672
65 5.634
65 11.26000000000001
65 16.886
65 22.512
65 28.13800000000001
65 33.76400000000001
65 39.39
65 45.01600000000001
65 50.64200000000001
65 56.268
65 61.89400000000001
65 67.52000000000001
65 73.146
65 78.77200000000001
65 84.398
65 90.024
65 95.65000000000001
65 101.276
65 106.902
65 112.528
65 118.154
65 123.78
65 129.406
65 135.032
65 140.658
65 146.284
65 151.91
65 157.536
65 163.162
65 168.788
65 174.414
65 180.04
65 185.666
65 191.292
65 196.918
65 202.544
65 208.17
65 213.796
65 219.422
65 225.048
65 230.674
65 270
80 -90
80 -45
80 -39.374
80 -33.748
80 -28.122
80 -22.496
80 -16.87
80 -11.244
80 -5.617999999999995
80 0.008000000000002672
80 5.634
80 11.26000000000001
80 16.886
80 22.512
80 28.13800000000001
80 33.76400000000001
80 39.39
80 45.01600000000001
80 50.64200000000001
80 56.268
80 61.89400000000001
80 67.52000000000001
80 73.146
80 78.77200000000001
80 84.398
80 90.024
80 95.65000000000001
80 101.276
80 106.902
80 112.528
80 118.154
80 123.78
80 129.406
80 135.032
80 140.658
80 146.284
80 151.91
80 157.536
80 163.162
80 168.788
80 174.414
80 180.04
80 185.666
80 191.292
80 196.918
80 202.544
80 208.17
80 213.796
80 219.422
80 225.048
80 230.674
80 270
90 -90
90 -45
90 -39.374
90 -33.748
90 -28.122
90 -22.496
90 -16.87
90 -11.244
90 -5.617999999999995
90 0.008000000000002672
90 5.634
90 11.26000000000001
90 16.886
90 22.512
90 28.13800000000001
90 33.76400000000001
90 39.39
90 45.01600000000001
90 50.64200000000001
90 56.268
90 61.89400000000001
90 67.52000000000001
90 73.146
90 78.77200000000001
90 84.398
90 90.024
90 95.65000000000001
90 101.276
90 106.902
90 112.528
90 118.154
90 123.78
90 129.406
90 135.032
90 140.658
90 146.284
90 151.91
90 157.536
90 163.162
90 168.788
90 174.414
90 180.04
90 185.666
90 191.292
90 196.918
90 202.544
90 208.17
90 213.796
90 219.422
90 225.048
90 230.674
90 270
