671 723 672
818 819 767
765 766 714
811 812 760
229 230 178
1141 1089 1140
269 268 320
335 284 283
380 329 328
470 418 469
658 709 710
286 285 337
776 724 775
584 583 635
226 225 277
338 389 390
1019 967 1018
666 718 667
137 188 189
661 662 610
507 456 455
722 773 774
715 663 714
727 675 726
257 258 206
762 761 813
600 549 548
343 344 292
863 811 862
585 533 584
840 789 788
965 966 914
805 754 753
58 109 110
417 469 418
227 176 175
118 169 170
211 212 160
274 275 223
856 907 908
166 115 114
995 994 1046
157 209 158
677 729 678
586 585 637
628 576 627
529 528 580
733 785 734
335 334 386
339 338 390
379 327 378
1014 962 1013
540 488 539
967 966 1018
494 442 493
684 683 735
122 123 71
170 169 221
227 279 228
126 125 177
128 127 179
656 604 655
121 69 120
223 222 274
125 126 74
442 391 390
80 79 131
231 180 179
398 450 399
393 392 444
155 154 206
297 245 296
348 297 296
186 134 185
406 457 458
97 98 46
558 610 559
403 454 455
360 361 309
561 509 560
459 407 458
823 822 874
512 461 460
771 720 719
520 519 571
725 724 776
617 618 566
353 405 354
663 611 662
506 454 505
608 556 607
296 244 295
655 707 656
444 496 445
558 559 507
605 553 604
813 865 814
711 660 659
813 864 865
973 974 922
968 1020 969
1022 1023 971
1022 1074 1023
1324 1323 1375
872 923 924
714 662 713
929 878 877
721 773 722
979 980 928
877 825 876
776 828 777
929 877 928
1083 1031 1082
873 822 821
1137 1086 1085
1036 984 1035
1126 1075 1074
1238 1187 1186
1071 1072 1020
1276 1277 1225
1179 1231 1180
1016 964 1015
1285 1234 1233
1028 1080 1029
1227 1279 1228
1166 1218 1167
1116 1065 1064
635 583 634
1165 1216 1217
960 961 909
1262 1211 1210
909 961 910
1321 1322 1270
1222 1223 1171
698 749 750
385 437 386
702 753 754
802 750 801
1108 1107 1159
433 381 432
860 859 911
858 806 857
471 470 522
1261 1210 1209
1051 1102 1103
796 795 847
792 741 740
798 797 849
627 626 678
1252 1201 1200
1099 1048 1047
1053 1105 1054
839 788 787
1154 1155 1103
948 947 999
993 941 992
937 886 885
1203 1202 1254
1148 1096 1147
158 106 157
106 107 55
2 53 54
159 160 108
58 57 109
367 315 366
4 55 56
8 60 9
165 164 216
17 16 68
12 63 64
10 61 62
56 108 57
112 60 111
58 6 57
224 225 173
117 116 168
266 267 215
161 109 160
166 114 165
531 532 480
212 263 264
161 110 109
314 365 366
265 213 264
160 159 211
316 264 315
265 266 214
263 262 314
211 263 212
366 315 314
525 524 576
368 317 316
265 214 213
262 261 313
418 419 367
316 367 368
418 470 419
371 372 320
372 373 321
633 582 581
577 576 628
734 735 683
629 577 628
530 529 581
373 322 321
581 582 530
583 531 582
686 634 685
583 582 634
796 745 744
435 487 436
379 378 430
481 532 533
427 428 376
222 273 274
321 269 320
221 272 273
323 322 374
168 220 169
274 326 275
325 324 376
330 382 331
383 435 384
437 436 488
383 382 434
327 328 276
483 535 484
539 488 487
648 596 647
487 435 486
589 640 641
691 692 640
590 538 589
645 644 696
692 641 640
699 647 698
592 540 591
438 437 489
649 648 700
499 447 498
494 443 442
648 647 699
646 698 647
598 649 650
700 752 701
439 438 490
543 542 594
236 235 287
496 444 495
389 441 390
543 491 542
446 447 395
392 340 391
239 291 240
181 180 232
339 340 288
182 131 130
391 339 390
285 233 284
342 290 341
288 287 339
172 120 171
276 275 327
283 284 232
287 288 236
226 277 278
225 224 276
330 279 278
281 332 333
17 68 69
70 71 19
127 178 179
66 117 118
224 223 275
229 178 177
129 180 181
22 21 73
230 179 178
232 284 233
134 135 83
73 74 22
78 77 129
78 26 77
132 81 80
24 23 75
29 28 80
188 136 187
82 30 81
140 192 141
290 342 291
345 344 396
186 238 187
345 346 294
341 393 342
394 343 342
342 343 291
501 500 552
293 292 344
395 394 446
456 405 404
189 188 240
504 452 503
402 453 454
299 300 248
400 401 349
351 350 402
188 137 136
36 87 88
84 32 83
139 140 88
86 85 137
196 145 144
199 147 198
92 40 91
48 47 99
40 39 91
248 247 299
201 252 253
100 152 101
304 252 303
102 101 153
153 205 154
207 206 258
51 102 103
102 153 154
104 103 155
204 152 203
357 306 305
260 259 311
206 205 257
208 207 259
409 461 410
572 571 623
256 255 307
302 353 354
201 150 149
146 145 197
249 198 197
202 253 254
355 354 406
303 251 302
459 408 407
355 303 354
508 457 456
407 355 406
308 360 309
356 407 408
509 458 457
458 407 406
509 561 510
459 460 408
564 513 512
672 620 671
468 467 519
311 310 362
511 512 460
568 619 620
621 570 569
414 362 413
361 360 412
568 567 619
467 518 519
569 568 620
985 1037 986
622 570 621
717 666 665
511 459 510
567 515 566
774 773 825
667 718 719
768 767 819
667 719 668
771 822 823
504 505 453
401 402 350
711 712 660
557 505 556
814 866 815
713 661 712
764 765 713
769 768 820
453 402 401
348 347 399
298 349 350
455 456 404
558 507 506
508 456 507
508 509 457
508 560 509
445 393 444
394 342 393
346 345 397
445 394 393
399 451 400
503 502 554
656 605 604
449 450 398
604 603 655
552 553 501
607 556 555
660 712 661
606 658 607
659 660 608
704 652 703
707 758 759
711 710 762
606 607 555
913 862 861
702 701 753
857 805 856
803 752 751
861 810 809
806 805 857
603 551 602
705 704 756
906 957 958
1011 1010 1062
1068 1017 1016
964 912 963
1068 1120 1069
1018 966 1017
1070 1019 1018
918 969 970
1071 1020 1019
1072 1073 1021
1024 1023 1075
1076 1024 1075
1017 1069 1018
1329 1328 1380
1123 1175 1124
1278 1279 1227
712 764 713
920 971 972
715 766 767
920 919 971
714 663 662
766 765 817
973 1024 1025
769 821 770
878 826 877
669 668 720
879 827 878
826 774 825
1129 1078 1077
1030 1031 979
1031 1083 1032
981 930 929
725 776 777
728 676 727
779 780 728
879 828 827
722 671 670
934 935 883
780 779 831
984 985 933
830 779 778
1037 985 1036
931 879 930
1141 1090 1089
1038 987 986
1141 1192 1193
1090 1142 1091
1086 1087 1035
983 932 931
1135 1084 1083
980 929 928
977 1029 978
875 824 823
1031 1030 1082
923 871 922
978 1030 979
1029 1081 1030
1137 1189 1138
1032 981 980
1139 1087 1138
1088 1036 1087
1084 1136 1085
1191 1192 1140
1141 1140 1192
1242 1243 1191
1194 1142 1193
1284 1285 1233
1246 1247 1195
1245 1244 1296
1244 1193 1192
1248 1247 1299
1295 1244 1243
1402 1350 1401
1298 1297 1349
1348 1297 1296
1351 1350 1402
1344 1343 1395
1401 1350 1349
1345 1293 1344
1397 1346 1345
1400 1349 1348
1337 1336 1388
1124 1175 1176
1334 1282 1333
1391 1339 1390
1288 1339 1340
1283 1232 1231
1076 1025 1024
1235 1236 1184
1133 1082 1081
1337 1285 1336
1072 1071 1123
1183 1235 1184
1126 1178 1127
1167 1116 1115
1066 1067 1015
1172 1224 1173
1070 1018 1069
1124 1073 1072
1071 1070 1122
1270 1271 1219
1171 1119 1170
1328 1327 1379
1225 1226 1174
1230 1179 1178
1172 1121 1120
1334 1335 1283
1330 1329 1381
1225 1174 1173
1381 1329 1380
1367 1368 1316
1116 1167 1168
1321 1373 1322
1169 1221 1170
1374 1323 1322
1275 1327 1276
1312 1313 1261
1314 1315 1263
1317 1318 1266
1369 1318 1317
1371 1319 1370
1211 1263 1212
958 1009 1010
1159 1107 1158
1361 1310 1309
1209 1208 1260
1264 1315 1316
1214 1266 1215
1269 1321 1270
1212 1213 1161
1267 1266 1318
1266 1267 1215
1322 1323 1271
1215 1267 1216
1272 1324 1273
1322 1271 1270
1223 1222 1274
850 902 851
1111 1110 1162
752 753 701
1114 1062 1113
905 854 853
850 798 849
1008 1007 1059
1164 1216 1165
804 752 803
700 648 699
695 696 644
853 904 905
854 803 802
751 750 802
800 852 801
851 902 903
848 797 796
851 852 800
946 947 895
897 846 845
845 846 794
742 690 741
898 847 846
1003 952 951
901 952 953
1165 1113 1164
1007 955 1006
1163 1162 1214
953 1005 954
1164 1215 1216
901 849 900
1154 1103 1102
1006 1005 1057
953 952 1004
1048 997 996
681 733 682
838 786 837
1045 993 1044
788 737 736
1150 1099 1098
1049 998 997
1051 1052 1000
787 735 786
684 685 633
787 736 735
632 580 631
840 841 789
947 998 999
945 894 893
738 686 737
629 680 681
786 735 734
784 836 785
788 839 840
888 837 836
890 891 839
839 838 890
837 889 838
679 730 731
941 940 992
889 888 940
1099 1150 1151
991 939 990
996 944 995
1147 1096 1095
1201 1150 1149
1095 1044 1043
991 940 939
1043 1042 1094
990 938 989
1254 1202 1253
1202 1150 1201
1001 1000 1052
895 896 844
1211 1159 1210
1052 1103 1104
1253 1202 1201
1206 1207 1155
1158 1157 1209
1153 1154 1102
1307 1308 1256
1199 1148 1147
1262 1261 1313
1207 1206 1258
1260 1261 1209
1262 1210 1261
1312 1311 1363
1309 1258 1257
1095 1146 1147
1252 1304 1253
1302 1301 1353
1303 1252 1251
53 2 1
54 3 2
54 55 3
105 54 53
3 55 4
54 106 55
106 105 157
106 54 105
158 107 106
108 109 57
158 159 107
158 210 159
4 56 5
56 107 108
59 58 110
59 7 58
159 108 107
160 109 108
212 161 160
215 164 163
5 57 6
6 58 7
5 56 57
55 107 56
111 59 110
60 8 59
7 59 8
60 61 9
65 116 117
9 61 10
60 59 111
11 62 63
61 113 62
10 62 11
11 63 12
62 114 63
13 64 65
63 115 64
14 65 66
64 116 65
63 114 115
216 215 267
167 115 166
116 64 115
171 119 170
118 119 67
272 324 273
162 110 161
112 111 163
112 61 60
113 112 164
113 61 112
114 113 165
114 62 113
113 164 165
111 110 162
217 166 165
167 116 115
217 216 268
164 215 216
270 218 269
165 216 217
217 218 166
217 269 218
218 167 166
168 116 167
218 219 167
169 117 168
167 219 168
218 270 219
219 220 168
219 271 220
321 270 269
322 323 271
270 271 219
270 322 271
271 272 220
271 323 272
426 375 374
324 272 323
267 268 216
269 217 268
371 422 423
373 374 322
372 321 320
322 270 321
319 371 320
427 478 479
214 266 215
319 268 267
368 369 317
319 267 318
371 423 372
320 268 319
318 370 319
424 373 372
213 214 162
163 111 162
214 163 162
164 112 163
163 214 215
162 161 213
318 266 317
318 267 266
209 210 158
209 261 210
210 211 159
210 262 211
212 213 161
212 264 213
314 262 313
315 263 314
210 261 262
316 265 264
317 266 265
367 316 315
317 265 316
264 263 315
211 262 263
314 313 365
366 365 417
418 367 366
419 368 367
420 369 368
369 318 317
366 417 418
420 421 369
475 474 526
369 370 318
369 421 370
472 473 421
631 630 682
421 422 370
421 473 422
419 420 368
419 471 420
526 474 525
421 420 472
473 474 422
578 630 579
579 527 578
526 577 578
522 470 521
524 575 576
473 472 524
419 470 471
471 472 420
471 523 472
469 521 470
574 522 573
525 576 577
521 573 522
626 574 625
627 576 575
574 575 523
574 626 575
573 625 574
677 626 625
679 731 680
680 628 679
575 626 627
730 678 729
730 782 731
679 628 627
681 630 629
680 629 628
630 578 629
678 679 627
678 730 679
783 732 731
733 734 682
475 526 527
577 629 578
527 526 578
474 473 525
522 523 471
522 574 523
523 524 472
523 575 524
526 525 577
473 524 525
478 477 529
476 424 475
580 579 631
528 527 579
634 582 633
528 579 580
580 581 529
580 632 581
630 631 579
684 735 736
683 632 631
633 581 632
684 633 632
685 634 633
682 683 631
682 734 683
639 640 588
428 427 479
686 635 634
636 584 635
687 636 635
688 740 689
737 686 685
687 635 686
584 532 583
478 529 530
582 531 530
429 377 428
583 532 531
325 376 377
584 533 532
584 636 585
531 479 530
374 373 425
323 375 324
478 530 479
531 480 479
432 431 483
532 481 480
533 534 482
474 423 422
477 528 529
528 476 527
423 474 475
425 476 477
475 527 476
426 477 478
476 528 477
370 371 319
370 422 371
423 424 372
423 475 424
424 425 373
424 476 425
425 426 374
425 477 426
374 375 323
428 479 480
426 427 375
426 478 427
481 429 480
376 375 427
480 429 428
324 375 376
482 430 481
377 376 428
378 377 429
326 274 325
377 378 326
432 483 484
380 379 431
327 326 378
432 381 380
276 277 225
382 381 433
278 277 329
331 382 383
331 279 330
485 433 484
434 382 433
485 434 433
487 488 436
537 589 538
486 434 485
537 486 485
592 591 643
384 435 436
486 538 487
538 539 487
538 590 539
429 430 378
429 481 430
430 431 379
430 482 431
433 432 484
380 431 432
533 482 481
483 431 482
587 535 586
483 482 534
637 585 636
534 533 585
638 586 637
534 585 586
589 588 640
535 534 586
688 637 636
744 692 743
586 638 587
689 741 690
638 639 587
793 742 741
638 690 639
638 637 689
591 590 642
538 486 537
644 592 643
539 590 591
591 642 643
590 641 642
642 694 643
642 641 693
590 589 641
485 484 536
537 588 589
587 639 588
588 536 587
483 534 535
535 536 484
535 587 536
536 537 485
536 588 537
593 542 541
490 489 541
541 542 490
542 593 594
593 592 644
541 489 540
646 594 645
646 595 594
594 593 645
541 592 593
694 695 643
645 593 644
697 646 645
647 595 646
696 697 645
750 751 699
492 440 491
543 594 595
598 546 597
286 337 338
701 649 700
597 545 596
650 649 701
597 648 649
596 544 595
441 493 442
595 544 543
441 442 390
596 545 544
597 649 598
647 596 595
648 597 596
386 438 387
493 545 494
440 441 389
441 492 493
440 492 441
544 545 493
546 494 545
496 548 497
488 489 437
488 540 489
542 491 490
543 544 492
543 492 491
544 493 492
591 540 539
592 541 540
333 384 385
332 383 384
282 281 333
384 436 385
434 435 383
434 486 435
490 438 489
385 436 437
491 440 439
334 385 386
491 439 490
386 437 438
388 439 440
387 438 439
389 388 440
335 386 387
337 336 388
387 439 388
232 231 283
284 335 336
336 285 284
286 234 285
388 336 387
388 389 337
338 337 389
285 336 337
234 182 233
76 77 25
230 231 179
230 282 231
181 232 233
180 231 232
285 234 233
236 185 184
126 177 178
176 228 177
227 226 278
332 331 383
228 229 177
280 279 331
229 281 230
230 281 282
334 282 333
229 228 280
282 283 231
282 334 283
334 333 385
281 280 332
336 335 387
283 334 335
229 280 281
228 279 280
381 329 380
381 382 330
329 330 278
329 381 330
333 332 384
280 331 332
222 221 273
273 325 274
326 325 377
273 324 325
380 328 379
275 326 327
379 328 327
329 277 328
119 171 120
170 222 171
220 221 169
220 272 221
171 222 223
170 221 222
174 173 225
172 223 224
175 174 226
173 172 224
277 276 328
224 275 276
279 227 278
174 225 226
123 122 174
122 70 121
176 227 228
175 226 227
175 123 174
69 68 120
173 122 121
175 176 124
177 125 176
71 70 122
122 173 174
121 120 172
15 66 67
65 117 66
67 66 118
117 169 118
68 119 120
118 170 119
223 172 171
173 121 172
12 64 13
13 65 14
14 66 15
68 67 119
68 16 67
15 67 16
18 17 69
19 18 70
70 69 121
70 18 69
19 71 20
20 72 21
21 72 73
23 22 74
72 123 124
72 71 123
72 20 71
72 124 73
123 175 124
124 125 73
124 176 125
180 128 179
74 73 125
127 75 126
76 24 75
76 127 128
126 178 127
129 128 180
129 77 128
130 129 181
130 79 78
130 78 129
127 76 75
128 77 76
75 74 126
75 23 74
79 27 78
76 25 24
77 26 25
78 27 26
79 28 27
79 80 28
82 81 133
30 29 81
83 31 82
33 85 34
83 82 134
31 30 82
137 85 136
32 31 83
135 84 83
85 86 34
132 133 81
135 136 84
186 135 134
187 136 135
184 185 133
239 290 291
132 80 131
81 29 80
182 130 181
131 79 130
182 183 131
133 134 82
184 133 132
185 134 133
233 182 181
235 236 184
131 183 132
182 234 183
183 184 132
183 235 184
236 237 185
187 135 186
234 235 183
234 286 235
185 237 186
236 288 237
286 287 235
286 338 287
288 289 237
288 340 289
241 189 240
239 238 290
289 290 238
289 341 290
291 292 240
291 343 292
244 243 295
241 292 293
239 188 187
240 292 241
237 238 186
237 289 238
188 239 240
187 238 239
294 242 293
190 138 189
242 191 190
138 137 189
241 190 189
191 139 190
241 242 190
246 297 298
293 242 241
243 191 242
294 243 242
244 192 243
345 294 293
295 243 294
346 295 294
347 348 296
347 296 295
349 401 350
248 196 247
195 144 143
298 297 349
298 247 246
402 454 403
246 194 245
298 299 247
298 350 299
142 141 193
192 244 193
91 90 142
193 245 194
244 245 193
244 296 245
297 246 245
247 195 246
38 89 90
93 145 94
87 139 88
193 194 142
143 142 194
143 91 142
195 143 194
144 92 143
138 139 87
90 91 39
190 139 138
140 141 89
191 140 139
192 193 141
191 192 140
191 243 192
84 33 32
84 85 33
86 35 34
136 85 84
137 138 86
87 86 138
87 35 86
87 36 35
88 89 37
140 89 88
141 142 90
38 90 39
89 141 90
36 88 37
37 89 38
144 145 93
92 41 40
93 42 41
146 94 145
43 42 94
143 92 91
93 41 92
144 93 92
94 42 93
96 97 45
95 96 44
197 198 146
197 196 248
43 95 44
95 146 147
198 147 146
151 203 152
200 148 199
149 97 148
99 98 150
98 97 149
95 43 94
44 96 45
146 95 94
147 148 96
147 96 95
148 97 96
45 97 46
46 98 47
47 98 99
49 100 101
98 149 150
48 100 49
49 101 50
50 101 102
51 103 52
103 102 154
51 50 102
155 103 154
104 52 103
156 155 207
156 104 155
260 208 259
155 206 207
204 153 152
153 101 152
100 99 151
100 48 99
202 151 150
152 100 151
254 203 202
151 99 150
149 200 201
205 206 154
255 204 203
205 153 204
305 254 253
253 304 305
204 255 256
203 254 255
254 306 255
463 462 514
256 205 204
256 257 205
156 207 208
308 257 256
258 259 207
309 258 257
310 259 258
307 308 256
361 310 309
309 310 258
362 414 363
312 311 363
259 310 311
260 311 312
356 357 305
307 255 306
257 308 309
307 359 308
306 358 307
465 516 517
359 360 308
411 410 462
251 252 200
303 355 304
305 304 356
253 252 304
357 358 306
306 254 305
409 358 357
359 307 358
147 199 148
198 249 250
148 200 149
199 251 200
252 201 200
202 150 201
253 202 201
203 151 202
144 195 196
194 246 195
145 196 197
195 247 196
301 302 250
250 251 199
198 250 199
303 252 251
249 248 300
249 197 248
301 250 249
302 251 250
300 301 249
354 303 302
352 353 301
353 302 301
300 352 301
405 406 354
299 351 300
404 353 352
356 355 407
356 304 355
351 403 352
456 457 405
404 405 353
457 406 405
510 459 458
511 460 459
509 510 458
614 615 563
562 563 511
512 513 461
563 512 511
617 668 669
460 461 409
516 568 517
411 462 463
461 513 462
465 464 516
411 359 410
513 514 462
566 565 617
408 357 356
410 461 462
408 409 357
408 460 409
358 410 359
358 409 410
412 411 463
360 359 411
361 362 310
361 413 362
464 412 463
360 411 412
465 414 413
361 412 413
465 466 414
363 311 362
415 363 414
415 364 363
312 363 364
466 415 414
467 416 415
364 415 416
518 466 517
467 415 466
416 467 468
466 518 467
572 623 624
468 519 520
569 518 517
570 519 518
466 465 517
413 412 464
515 464 463
465 413 464
514 515 463
514 566 515
515 516 464
515 567 516
513 565 514
619 671 620
618 567 566
568 516 567
518 569 570
517 568 569
565 564 616
669 670 618
570 571 519
570 622 571
520 571 572
675 623 674
569 620 621
673 622 621
623 571 622
674 623 622
675 624 623
674 673 725
621 620 672
675 674 726
622 673 674
675 676 624
675 727 676
618 619 567
618 670 619
619 670 671
669 721 670
673 672 724
673 621 672
775 723 774
724 672 723
617 616 668
615 667 616
616 667 668
615 614 666
719 720 668
771 770 822
720 721 669
720 772 721
510 562 511
615 616 564
563 564 512
563 615 564
514 565 566
513 564 565
618 617 669
565 616 617
560 559 611
508 507 559
613 561 612
508 559 560
612 561 560
613 562 561
561 562 510
614 563 562
613 612 664
560 611 612
614 613 665
614 562 613
615 666 667
614 665 666
716 664 715
612 611 663
613 664 665
612 663 664
608 609 557
610 611 559
661 610 609
662 611 610
660 661 609
713 662 661
716 715 767
664 663 715
709 657 708
710 659 658
709 658 657
659 607 658
760 709 708
761 710 709
710 711 659
763 712 711
554 502 553
504 556 505
554 555 503
554 606 555
658 606 657
554 553 605
605 606 554
605 657 606
557 506 505
507 455 506
608 557 556
609 610 558
557 558 506
557 609 558
659 608 607
660 609 608
452 401 400
453 505 454
452 453 401
452 504 453
403 455 404
454 506 455
451 503 452
555 556 504
348 349 297
348 400 349
300 351 352
299 350 351
451 399 450
400 348 399
352 403 404
351 402 403
399 347 398
293 344 345
347 346 398
347 295 346
343 395 344
449 501 450
397 398 346
397 449 398
396 395 447
501 502 450
400 451 452
450 502 451
504 503 555
451 502 503
603 552 551
396 397 345
500 501 449
553 502 501
549 498 497
448 449 397
499 448 447
500 449 448
550 498 549
551 500 499
550 499 498
500 448 499
340 341 289
340 392 341
448 396 447
343 394 395
395 396 344
448 397 396
498 446 497
498 447 446
338 339 287
391 340 339
443 392 391
393 341 392
442 443 391
548 599 600
443 444 392
443 495 444
446 445 497
446 394 445
494 495 443
494 546 495
445 496 497
547 599 548
497 548 549
496 495 547
597 546 545
598 547 546
496 547 548
495 546 547
599 598 650
599 547 598
651 652 600
601 549 600
601 550 549
551 499 550
602 551 550
603 604 552
551 552 500
604 553 552
652 704 653
602 550 601
653 705 654
707 708 656
654 655 603
654 706 655
657 656 708
657 605 656
759 708 707
654 602 653
600 652 601
702 651 650
653 602 601
654 603 602
601 652 653
600 599 651
650 651 599
702 754 703
706 705 757
706 654 705
858 859 807
652 651 703
755 807 756
705 653 704
703 755 704
861 860 912
756 757 705
756 808 757
706 707 655
706 758 707
757 758 706
810 862 811
810 759 758
760 708 759
811 760 759
761 709 760
757 809 758
809 808 860
810 811 759
916 967 968
813 761 812
761 760 812
811 863 812
915 966 967
704 755 756
962 910 961
758 809 810
757 808 809
913 861 912
859 858 910
810 861 862
809 860 861
808 859 860
807 755 806
912 911 963
859 910 911
965 913 964
860 911 912
964 913 912
965 914 913
964 963 1015
911 910 962
1016 965 964
1017 966 965
1067 1016 1015
1017 965 1016
1068 1069 1017
1121 1173 1122
1020 968 1019
915 914 966
915 967 916
967 1019 968
1020 1021 969
1020 1072 1021
1121 1070 1069
1071 1019 1070
863 864 812
916 968 917
862 914 863
862 913 914
863 915 864
863 914 915
915 916 864
968 969 917
866 865 917
865 916 917
817 816 868
1129 1077 1128
918 970 919
969 1021 970
970 971 919
970 1022 971
869 920 921
971 1023 972
1021 1022 970
1021 1073 1022
1077 1026 1025
972 1023 1024
1027 975 1026
973 972 1024
923 922 974
922 921 973
1079 1028 1027
974 1025 1026
1078 1027 1026
976 925 924
1077 1078 1026
1079 1131 1080
975 923 974
870 921 922
924 923 975
821 822 770
974 973 1025
921 972 973
1026 975 974
1028 1029 977
766 818 767
871 923 872
869 868 920
816 764 815
870 869 921
818 766 817
921 920 972
868 919 920
916 865 864
917 969 918
867 866 918
814 762 813
868 867 919
815 763 814
867 918 919
866 917 918
711 762 763
710 761 762
864 813 812
865 866 814
867 815 866
763 762 814
868 816 867
816 765 764
763 764 712
763 815 764
867 816 815
868 869 817
870 818 869
765 816 817
765 714 713
766 715 714
869 818 817
870 819 818
768 716 767
665 664 716
666 717 718
665 716 717
716 768 717
873 925 874
718 770 719
718 717 769
718 769 770
717 768 769
819 820 768
820 871 872
820 821 769
820 872 821
873 872 924
820 819 871
875 823 874
772 720 771
825 824 876
773 721 772
926 874 925
926 875 874
928 876 927
928 877 876
770 771 719
823 824 772
823 772 771
824 773 772
775 774 826
722 670 721
826 825 877
773 824 825
723 722 774
723 671 722
827 776 775
724 723 775
827 828 776
778 779 727
880 829 828
883 935 884
674 725 726
673 724 725
778 727 726
779 728 727
725 777 726
830 881 882
777 778 726
881 829 880
777 829 778
882 934 883
830 831 779
830 882 831
831 832 780
987 1039 988
831 883 832
829 881 830
933 934 882
778 829 830
777 828 829
826 827 775
826 878 827
930 879 878
880 828 879
933 881 932
933 882 881
931 880 879
932 881 880
929 930 878
984 1036 985
982 983 931
932 880 931
985 986 934
986 935 934
832 883 884
831 882 883
935 936 884
933 985 934
1038 1039 987
935 987 936
935 986 987
932 984 933
1036 1088 1037
987 988 936
1038 1037 1089
1038 986 1037
1039 1040 988
1039 1091 1040
930 982 931
1035 1087 1036
983 984 932
983 1035 984
1034 1035 983
1034 1086 1035
1033 1085 1034
1138 1087 1086
927 979 928
982 1034 983
1031 1032 980
1085 1086 1034
1032 1033 981
1032 1084 1033
1084 1085 1033
1136 1135 1187
876 875 927
876 824 875
926 978 927
1031 980 979
980 981 929
1033 1034 982
981 982 930
981 1033 982
870 871 819
870 922 871
822 873 874
821 872 873
976 924 975
925 873 924
875 926 927
978 1029 1030
1027 976 975
1028 977 976
925 977 926
925 976 977
1134 1083 1082
1084 1032 1083
927 978 979
926 977 978
1027 1028 976
1027 1078 1079
1132 1081 1080
1081 1029 1080
1132 1133 1081
1082 1030 1081
1184 1133 1132
1134 1082 1133
1184 1185 1133
1186 1135 1134
1131 1130 1182
1183 1184 1132
1233 1232 1284
1185 1134 1133
1236 1185 1184
1186 1134 1185
1287 1235 1286
1290 1289 1341
1236 1237 1185
1187 1135 1186
1239 1188 1187
1137 1138 1086
1240 1189 1188
1244 1245 1193
1189 1240 1241
1290 1238 1289
1134 1135 1083
1187 1188 1136
1189 1137 1188
1084 1135 1136
1136 1137 1085
1136 1188 1137
1189 1190 1138
1189 1241 1190
1037 1088 1089
1087 1139 1088
1190 1139 1138
1191 1140 1139
1088 1140 1089
1088 1139 1140
1142 1141 1193
1142 1090 1141
1038 1090 1039
1038 1089 1090
1092 1091 1143
1039 1090 1091
1040 1091 1092
1092 1143 1144
1091 1142 1143
1143 1195 1144
1143 1142 1194
1195 1196 1144
1299 1298 1350
1195 1247 1196
1246 1194 1245
1196 1247 1248
1298 1246 1297
1246 1195 1194
1245 1194 1193
1195 1143 1194
1190 1191 1139
1190 1241 1242
1190 1242 1191
1292 1240 1291
1191 1243 1192
1399 1348 1347
1243 1244 1192
1243 1294 1295
1242 1294 1243
1242 1241 1293
1347 1295 1346
1294 1346 1295
1245 1296 1297
1244 1295 1296
1297 1246 1245
1298 1247 1246
1300 1299 1351
1247 1298 1299
1248 1299 1300
1298 1349 1350
1347 1346 1398
1300 1351 1352
1299 1350 1351
1351 1402 1403
1351 1403 1352
1403 1404 1352
1399 1347 1398
1296 1295 1347
1297 1348 1349
1296 1347 1348
1400 1348 1399
1401 1349 1400
1292 1343 1344
1342 1394 1343
1292 1291 1343
1292 1241 1240
1294 1345 1346
1344 1396 1345
1346 1397 1398
1345 1396 1397
1188 1239 1240
1237 1236 1288
1239 1291 1240
1239 1238 1290
1294 1293 1345
1293 1241 1292
1344 1293 1292
1294 1242 1293
1238 1237 1289
1186 1185 1237
1187 1238 1239
1186 1237 1238
1342 1343 1291
1290 1291 1239
1340 1341 1289
1342 1291 1290
1392 1340 1391
1392 1393 1341
1341 1342 1290
1395 1396 1344
1394 1395 1343
1392 1341 1340
1393 1342 1341
1393 1394 1342
1389 1338 1337
1288 1340 1289
1390 1339 1338
1391 1340 1339
1389 1337 1388
1390 1338 1389
1384 1333 1332
1334 1283 1282
1385 1334 1333
1386 1387 1335
1335 1336 1284
1388 1336 1387
1284 1232 1283
1181 1180 1232
1335 1284 1283
1337 1338 1286
1336 1285 1284
1338 1339 1287
1386 1335 1334
1387 1336 1335
1181 1233 1182
1285 1286 1234
1236 1235 1287
1285 1337 1286
1236 1287 1288
1286 1338 1287
1237 1288 1289
1287 1339 1288
1182 1130 1181
1182 1183 1131
1131 1183 1132
1182 1234 1183
1182 1233 1234
1181 1232 1233
1234 1235 1183
1234 1286 1235
1128 1077 1076
1129 1130 1078
1028 1079 1080
1078 1130 1079
1181 1129 1180
1181 1130 1129
1080 1131 1132
1079 1130 1131
1023 1074 1075
1022 1073 1074
1127 1076 1075
1077 1025 1076
1073 1125 1074
1128 1076 1127
1179 1128 1127
1180 1129 1128
1282 1231 1230
1127 1075 1126
1128 1179 1180
1230 1229 1281
1283 1231 1282
1232 1180 1231
1127 1178 1179
1125 1073 1124
1179 1230 1231
1178 1177 1229
1175 1174 1226
1122 1070 1121
1229 1177 1228
1123 1174 1175
1227 1176 1175
1177 1126 1125
1278 1226 1277
1227 1175 1226
1123 1122 1174
1123 1071 1122
1123 1124 1072
1177 1178 1126
1176 1125 1124
1126 1074 1125
1176 1177 1125
1176 1228 1177
1015 1014 1066
1120 1121 1069
1067 1068 1016
1120 1171 1172
1067 1119 1068
1067 1118 1119
1119 1120 1068
1119 1171 1120
1223 1172 1171
1173 1121 1172
1223 1224 1172
1174 1122 1173
1170 1222 1171
1327 1328 1276
1224 1225 1173
1279 1278 1330
1274 1273 1325
1276 1225 1224
1223 1275 1224
1328 1329 1277
1225 1277 1226
1276 1328 1277
1329 1278 1277
1228 1280 1229
1278 1227 1226
1228 1176 1227
1279 1280 1228
1230 1178 1229
1329 1330 1278
1281 1282 1230
1280 1281 1229
1333 1282 1281
1331 1280 1279
1332 1281 1280
1383 1332 1331
1333 1281 1332
1385 1333 1384
1386 1334 1385
1384 1332 1383
1383 1331 1382
1332 1280 1331
1331 1330 1382
1331 1279 1330
1380 1328 1379
1382 1330 1381
1376 1325 1324
1222 1273 1274
1377 1326 1325
1378 1327 1326
1378 1326 1377
1379 1327 1378
1168 1219 1220
1274 1325 1326
1221 1273 1222
1272 1323 1324
1327 1275 1326
1275 1223 1274
1224 1275 1276
1274 1326 1275
1114 1165 1166
1220 1272 1221
1170 1221 1222
1220 1271 1272
1218 1217 1269
1267 1318 1319
1221 1272 1273
1271 1323 1272
1268 1320 1269
1374 1375 1323
1376 1324 1375
1325 1273 1324
1373 1374 1322
1377 1325 1376
1265 1317 1266
1369 1370 1318
1370 1319 1318
1320 1321 1269
1372 1320 1371
1372 1373 1321
1365 1366 1314
1316 1317 1265
1314 1366 1315
1366 1367 1315
1368 1369 1317
1160 1212 1161
1211 1262 1263
1212 1263 1264
1262 1314 1263
1213 1264 1265
1263 1315 1264
1367 1316 1315
1368 1317 1316
1214 1265 1266
1264 1316 1265
1320 1268 1319
1268 1216 1267
1371 1320 1319
1372 1321 1320
1268 1217 1216
1269 1270 1218
1217 1268 1269
1267 1319 1268
1058 1057 1109
1109 1108 1160
1112 1163 1164
1162 1161 1213
1112 1111 1163
1163 1215 1164
1163 1214 1215
1213 1265 1214
1212 1160 1211
1004 1056 1005
1211 1160 1159
1109 1110 1058
1111 1162 1163
1110 1161 1162
1162 1213 1214
1212 1264 1213
1003 1054 1055
1156 1104 1155
1106 1055 1054
1108 1057 1056
1106 1107 1055
1159 1160 1108
1107 1108 1056
1160 1161 1109
1059 1058 1110
1056 1055 1107
1007 1006 1058
1006 1057 1058
1110 1109 1161
1057 1108 1109
1112 1060 1111
1059 1110 1111
1008 1060 1009
1059 1111 1060
1060 1061 1009
1060 1112 1061
1012 1063 1064
1062 1061 1113
1115 1114 1166
1062 1010 1061
1113 1112 1164
1113 1061 1112
1166 1165 1217
1114 1113 1165
1218 1166 1217
1167 1115 1166
1219 1218 1270
1219 1167 1218
1168 1169 1117
1170 1119 1118
1169 1168 1220
1167 1219 1168
1118 1169 1170
1116 1064 1115
1169 1220 1221
1219 1271 1220
1118 1117 1169
1013 961 1012
1063 1115 1064
1063 1114 1115
1117 1116 1168
1117 1065 1116
1118 1066 1117
1118 1067 1066
1014 1013 1065
1065 1117 1066
907 959 908
1012 961 960
959 958 1010
1064 1065 1013
1064 1013 1012
1065 1066 1014
963 1014 1015
963 911 962
1010 1009 1061
957 905 956
1012 1011 1063
958 957 1009
960 1011 1012
959 907 958
1063 1062 1114
1063 1011 1062
905 904 956
852 851 903
854 802 853
853 852 904
957 956 1008
904 903 955
1011 959 1010
906 905 957
907 906 958
907 855 906
858 909 910
908 960 909
960 959 1011
960 908 959
1013 962 961
1014 963 962
855 804 803
805 753 804
808 807 859
808 756 807
909 857 908
805 804 856
908 857 856
909 858 857
651 702 703
650 701 702
751 752 700
804 753 752
754 755 703
754 806 755
807 806 858
754 805 806
643 695 644
747 695 746
698 697 749
698 646 697
750 699 698
751 700 699
750 749 801
697 696 748
749 800 801
798 747 746
853 802 801
803 751 802
856 855 907
856 804 855
852 853 801
905 906 854
855 854 906
855 803 854
639 691 640
797 798 746
749 748 800
749 697 748
799 798 850
746 745 797
800 799 851
800 748 799
694 693 745
694 642 693
746 695 694
747 696 695
745 746 694
798 799 747
748 747 799
748 696 747
692 691 743
639 690 691
693 692 744
693 641 692
690 742 691
848 847 899
795 744 743
745 693 744
793 794 742
743 691 742
847 795 846
743 742 794
794 795 743
794 846 795
745 796 797
744 795 796
849 797 848
796 847 848
898 899 847
951 1002 1003
899 900 848
899 951 900
952 901 900
953 954 902
900 849 848
955 954 1006
901 850 849
851 799 850
901 902 850
901 953 902
852 903 904
902 954 903
904 955 956
903 954 955
1059 1007 1058
954 1005 1006
1060 1008 1059
956 955 1007
957 1008 1009
956 1007 1008
1005 1056 1057
1005 953 1004
900 951 952
1055 1056 1004
1004 952 1003
899 898 950
899 950 951
897 845 896
1004 1003 1055
951 950 1002
1050 1051 999
949 948 1000
1051 1000 999
1053 1054 1002
1002 1001 1053
948 949 897
1003 1002 1054
950 1001 1002
944 892 943
943 942 994
1100 1048 1099
996 1047 1048
1050 1049 1101
997 1048 1049
998 1050 999
1103 1052 1051
943 892 891
996 997 945
892 944 893
997 998 946
997 946 945
999 1000 948
998 947 946
793 845 794
842 790 841
894 946 895
947 896 895
949 1001 950
947 948 896
1000 1001 949
898 949 950
898 846 897
688 739 740
844 845 793
792 793 741
792 844 793
739 790 791
896 845 844
948 897 896
949 898 897
738 687 686
739 688 687
687 688 636
740 741 689
638 689 690
637 688 689
790 739 738
791 740 739
736 737 685
738 739 687
789 790 738
843 895 844
737 789 738
842 894 843
792 791 843
792 740 791
788 789 737
841 790 789
792 843 844
791 790 842
791 842 843
894 945 946
841 893 842
841 892 893
843 894 895
842 893 894
783 784 732
836 837 785
785 786 734
785 837 786
736 787 788
786 838 787
892 840 891
892 841 840
630 681 682
733 784 785
685 684 736
632 683 684
680 732 681
680 731 732
732 733 681
732 784 733
626 677 678
781 730 729
783 835 784
781 782 730
834 835 783
782 783 731
782 834 783
833 782 781
834 782 833
885 834 833
886 835 834
835 836 784
835 887 836
886 834 885
886 887 835
886 938 887
1042 990 1041
991 992 940
888 939 940
887 938 939
840 839 891
787 838 839
887 888 836
887 939 888
890 889 941
837 888 889
891 890 942
838 889 890
944 943 995
891 942 943
945 944 996
945 893 944
942 993 994
942 890 941
996 995 1047
943 994 995
1043 991 1042
939 938 990
942 941 993
889 940 941
938 886 937
990 989 1041
938 937 989
1094 1095 1043
1042 991 990
1093 1042 1041
1094 1146 1095
1096 1044 1095
992 991 1043
1146 1198 1147
1093 1094 1042
1093 1145 1094
1197 1198 1146
1145 1146 1094
1145 1197 1146
1198 1199 1147
1148 1149 1097
1249 1198 1197
1097 1098 1046
1044 992 1043
1046 1098 1047
994 993 1045
1200 1149 1148
1150 1098 1149
1152 1100 1151
1150 1202 1151
1148 1097 1096
993 992 1044
1096 1045 1044
1097 1046 1045
995 1046 1047
994 1045 1046
1096 1097 1045
1149 1098 1097
1049 1050 998
1102 1051 1050
1098 1099 1047
1151 1100 1099
1205 1154 1153
1049 1048 1100
1050 1101 1102
1049 1100 1101
1052 1053 1001
1052 1104 1053
1107 1106 1158
1053 1104 1105
1105 1106 1054
1158 1210 1159
1105 1157 1106
1105 1104 1156
1208 1156 1207
1104 1103 1155
1207 1156 1155
1157 1105 1156
1208 1157 1156
1158 1106 1157
1208 1209 1157
1210 1158 1209
1205 1206 1154
1205 1257 1206
1101 1153 1102
1206 1155 1154
1100 1152 1101
1151 1202 1203
1152 1153 1101
1152 1203 1204
1257 1205 1256
1152 1151 1203
1152 1204 1153
1203 1255 1204
1204 1205 1153
1204 1256 1205
1309 1310 1258
1258 1206 1257
1256 1308 1257
1259 1207 1258
1259 1208 1207
1259 1260 1208
1311 1260 1259
1312 1261 1260
1313 1312 1364
1259 1258 1310
1314 1313 1365
1314 1262 1313
1362 1310 1361
1311 1259 1310
1362 1311 1310
1312 1260 1311
1364 1312 1363
1365 1313 1364
1361 1309 1360
1306 1254 1305
1308 1309 1257
1308 1360 1309
1308 1359 1360
1308 1307 1359
1363 1311 1362
1358 1306 1357
1251 1200 1199
1357 1306 1305
1307 1256 1255
1305 1356 1357
1305 1304 1356
1359 1307 1358
1199 1200 1148
1201 1149 1200
1305 1254 1253
1255 1203 1254
1306 1255 1254
1256 1204 1255
1306 1307 1255
1306 1358 1307
1250 1199 1198
1251 1252 1200
1301 1250 1249
1249 1250 1198
1304 1355 1356
1303 1304 1252
1253 1201 1252
1301 1302 1250
1354 1355 1303
1250 1251 1199
1250 1302 1251
1355 1304 1303
1305 1253 1304
1302 1303 1251
1302 1354 1303
1302 1353 1354
